{
 "cells": [
  {
   "attachments": {},
   "cell_type": "markdown",
   "metadata": {},
   "source": [
    "# Nerfstudio To D-NeRF dataset\n",
    "\n",
    "Set Up:\n",
    "\n",
    "1. Installl Nerfstudio and activate environment\n",
    "2. Run this notebook with the nerfstudio conda environment\n",
    "\n",
    "Instructions:\n",
    "\n",
    "1. Update configuration relative to desired parameters\n",
    "2. Run the method\n",
    "\n",
    "#### Notes on D-NeRF dataset:\n",
    "\n",
    "In the nerfstudio DNeRF parser, `camera_angle_x` parameter (found in the transforms files) has a $1/tanh(0.5*x)$ relationship with the focal length. While I did mess around with this in [Desmos](https://www.desmos.com/calculator/xw0lodoghb) and initially selected a high $x=4.$ value. It didn't play well with kplanes (tested with scene contraction and varying near and far plane positions). In the end $x=0.6$ worked best despite how counter intuitive this is... The parameter is important for good rendering but is not directly recoverable from the nerfstudio dataset (it might be I just haven't looked into it).\n",
    "\n",
    "Otherwise the `rotation` parameter found for each frame doesn't seem to have any impact on performance (at least in the tests I ran with K-Planes, **this maybe different for other models!!!**)."
   ]
  },
  {
   "attachments": {},
   "cell_type": "markdown",
   "metadata": {},
   "source": [
    "---\n",
    "# Configuration\n",
    "---\n",
    "\n",
    "Information:\n",
    "1. `nerfstudio_fp` is the path **to the folder** containing `transforms.json`\n",
    "2. `output_fp` is the path to the folder you wish to write `transforms_train.json`, `transforms_test.json` and `transforms_val.json`\n",
    "3. `downscale_images_fp` is the folder name inside of you nerfstudio folder containing the downscaled images if you would rather save these than the original images. As dnerf format doesn't consider downscaled images, this will allow you to use them instead.\n",
    "4. `method` declares the way we recover the time values:\n",
    "    - `'exhaustive'`    : match image to frame (**super slow**)\n",
    "    - `'linear'`    : assign time given image name-index (**fast**) (e.g. image w/name `frame_{i}.png` is going to be at i/n time where n is the number of images and `i` is the index; this is the image-naming format used by nerfstudio-colamp process)"
   ]
  },
  {
   "cell_type": "code",
   "execution_count": 7,
   "metadata": {},
   "outputs": [],
   "source": [
    "nerfstudio_fp ='data/luca/'\n",
    "video_fp = 'path/to/video.mp4'\n",
    "output_fp = 'data/luca_DN'\n",
    "\n",
    "downscale_images_fp = 'images_2'\n",
    "\n",
    "method = 'linear'"
   ]
  },
  {
   "attachments": {},
   "cell_type": "markdown",
   "metadata": {},
   "source": [
    "---\n",
    "# View the code\n",
    "---\n",
    "\n",
    "Information:\n",
    "1. Import dependencies. *Make sure nerfstudio has been downloaded*\n",
    "2. View the functions\n",
    "3. Change the functions (optional)\n",
    "4. Run the functions"
   ]
  },
  {
   "cell_type": "code",
   "execution_count": 8,
   "metadata": {},
   "outputs": [],
   "source": [
    "# Import\n",
    "import os\n",
    "import json\n",
    "from pathlib import Path\n",
    "import random\n",
    "import shutil\n",
    "\n",
    "import cv2\n",
    "import numpy as np\n",
    "from skimage.metrics import structural_similarity as ssim\n",
    "from tqdm.notebook import tqdm\n",
    "\n",
    "from utils_ import *"
   ]
  },
  {
   "attachments": {},
   "cell_type": "markdown",
   "metadata": {},
   "source": [
    "### Exhaustive SSIM Time Search\n",
    "\n",
    "**Args:**\n",
    "- d_fp, v_fp, img_fp: Path, previously discussed\n",
    "- transfors_fp: Path, path to transforms file\n",
    "\n",
    "**Notes:**\n",
    "1. Exhaustive search matches each image (e.g. `frame_0000.png`, `frame_0001.png`, ... ) to each frame in a video. \n",
    "2. Each image is a frame with png compression so direct image to frame comparison isn't possible\n",
    "3. Instead we compare w/ SSIM.\n",
    "4. This means:\n",
    "\n",
    "    a. Overlapping frames (such as monocular stationary camera with negligible dynamic motion) will have the same SSIM score and so we will get several frames which match\n",
    "        \n",
    "    b. We select the earliest occuring frame match as the time of the png image\n",
    "    \n",
    "    c. We accept that this may not always be the case so we add a threshold, whereby we search for the earliest match where SSIM > 0.95 , when this is not the case max(SSIM) > 0.9 is selected.\n",
    "    \n",
    "    d. Theoretically, this shouldn't be an issue for NeRF as SSIM threshold is high so should be negligible during NeRF evaluation\n",
    "    "
   ]
  },
  {
   "cell_type": "code",
   "execution_count": 9,
   "metadata": {},
   "outputs": [],
   "source": [
    "def exhaustive(d_fp, o_fp, v_fp, img_fp, transforms_fp, shuffle:bool=True):\n",
    "    pathchecks([d_fp, v_fp, img_fp])\n",
    "\n",
    "    assert not os.path.exists(o_fp), 'Folder already exists, delete folder to run'\n",
    "\n",
    "    os.makedirs(o_fp)\n",
    "    with open(transforms_fp) as fp:\n",
    "        contents = fp.read()\n",
    "    transforms = json.loads(contents)\n",
    "    img_frames = transforms['frames'] # Directly access frame data\n",
    "\n",
    "    # Initialise opencv video object\n",
    "    video = cv2.VideoCapture(str(v_fp))\n",
    "    total_frames = int(video.get(cv2.CAP_PROP_FRAME_COUNT))\n",
    "    print(f'Total number of frames to process {total_frames} \\n Total number of images to process {len(img_frames)}')\n",
    "\n",
    "\n",
    "    video_frame_counter = 0\n",
    "    matches = []\n",
    "\n",
    "    # Sort img_frames by filepath name\n",
    "    filenum = []\n",
    "    for img in img_frames:\n",
    "        num = img['file_path'].split('/')[-1].split('.')[-2].split('_')[-1]\n",
    "        filenum.append(int(num))\n",
    "    img_frames = [img for _, img in sorted(zip(filenum, img_frames), reverse=True)]\n",
    "    \n",
    "    print('Running')\n",
    "    iterator = tqdm(enumerate(img_frames))\n",
    "    # loop through each image in our colmap dataset\n",
    "    for idx, img in iterator:\n",
    "        fp = d_fp / img['file_path']\n",
    "        image = cv2.imread(str(fp), cv2.IMREAD_GRAYSCALE) # load image greyscale\n",
    "\n",
    "        SSIM = {\n",
    "            'max': 0.,\n",
    "            'idxs':[]\n",
    "        }\n",
    "        for idx_video in range(video_frame_counter, total_frames):\n",
    "            # Fetch frame from video\n",
    "            video.set(cv2.CAP_PROP_FRAME_COUNT, idx_video)\n",
    "            ret, frame = video.read()\n",
    "            print(ret)\n",
    "            if ret: frame = cv2.cvtColor(frame, cv2.COLOR_BGR2GRAY) # load frame greyscale\n",
    "            else: break\n",
    "\n",
    "            # Get SSIM\n",
    "            ssim_res = ssim(image, frame)\n",
    "            print(idx_video, ssim_res)\n",
    "            # Process SSIM\n",
    "            if ssim_res > 0.93: # if we meet ideal match\n",
    "                SSIM['max'] = 1.\n",
    "                SSIM['idxs'] = [idx_video] \n",
    "                # video_frame_counter = idx_video + 1\n",
    "                break\n",
    "            elif ssim_res > SSIM['max']: # if we have a new max\n",
    "                SSIM['max'] = ssim_res\n",
    "                SSIM['idxs'] = [idx_video]\n",
    "            elif ssim_res == SSIM['max']: # if we have the same max\n",
    "                SSIM['idxs'].append(idx_video)\n",
    "        \n",
    "\n",
    "        if SSIM['max'] < 0.9:\n",
    "            print(f'Image {idx} has no match: consider lowering SSIM threshold')\n",
    "        else:\n",
    "            idx_video_ = min(SSIM['idxs'])\n",
    "            matches.append({\n",
    "                \"frame\" : float(idx_video_),\n",
    "                \"image\" : idx\n",
    "                })\n",
    "\n",
    "    # shuffle data\n",
    "    if shuffle == True:\n",
    "        random.shuffle(matches)\n",
    "\n",
    "    # train split\n",
    "    train_split = 0.9\n",
    "    train_idx = int(train_split * len(matches))\n",
    "    train_data = matches[:train_idx]\n",
    "    # test split (on remaining data)\n",
    "    test_split = 0.9\n",
    "    test_index = train_idx + int(test_split * (len(matches) - len(train_data)))\n",
    "    test_data =  matches[train_idx : test_index]\n",
    "    # val split\n",
    "    val_data = matches[test_index:]\n",
    "\n",
    "\n",
    "    # Construct transform files\n",
    "    local_properties = {\n",
    "        \"roation\": 0.0,\n",
    "    }\n",
    "    data = [train_data, test_data, val_data]\n",
    "    for idx, d in enumerate(data):\n",
    "        file_ = {\n",
    "            \"camera_angle_x\": 0.6, # Seems to work best on the toy datasets I used\n",
    "            \"frames\":[]\n",
    "        }\n",
    "        # file_path\n",
    "        if idx == 0: file_path = Path(o_fp) / 'transforms_train.json'\n",
    "        elif idx == 1: file_path = Path(o_fp) / 'transforms_test.json'\n",
    "        elif idx == 2: file_path = Path(o_fp) / 'transforms_val.json'\n",
    "        \n",
    "        for match_idx in d:\n",
    "            img_data = img_frames[match_idx['image']]\n",
    "            time = float(match_idx['frame'] / total_frames)\n",
    "            fname = img_data['file_path'].split('/')[-1]\n",
    "            \n",
    "            file_[\"frames\"].append({\n",
    "            \"file_path\":f'./train/{fname}',\n",
    "            \"rotation\": local_properties['rotation'],\n",
    "            \"time\":time,\n",
    "            \"transform_matrix\":img_data['transform_matrix']\n",
    "        })\n",
    "\n"
   ]
  },
  {
   "attachments": {},
   "cell_type": "markdown",
   "metadata": {},
   "source": [
    "### Blind Linear Time Search\n",
    "\n",
    "**Args:**\n",
    "- Same as before\n",
    "\n",
    "**Notes:**\n",
    "- Order collected images by frame number and linearly assign time value between 0 and 1.\n",
    "- This will make the motion linear with colmap extraction so it may not be ideal."
   ]
  },
  {
   "cell_type": "code",
   "execution_count": 10,
   "metadata": {},
   "outputs": [],
   "source": [
    "def linear(d_fp, o_fp, v_fp, img_fp, transforms_fp, shuffle:bool=True, rotation:float=0.0, camera_angle_x:float=0.0):\n",
    "    assert not os.path.exists(o_fp), 'Folder already exists, delete folder to run'\n",
    "\n",
    "    os.makedirs(o_fp)\n",
    "    os.makedirs(o_fp+'/train')\n",
    "    os.makedirs(o_fp+'/test')\n",
    "    os.makedirs(o_fp+'/val')\n",
    "    with open(transforms_fp) as fp:\n",
    "        contents = fp.read()\n",
    "    transforms = json.loads(contents)\n",
    "    img_frames = transforms['frames'] # Directly access frame data\n",
    "    print(f'Total number of images to process {len(img_frames)}')\n",
    "\n",
    "    local_properties = {\n",
    "        \"rotation\":rotation,\n",
    "    }\n",
    "\n",
    "    frames = []\n",
    "    for idx, img in enumerate(img_frames):\n",
    "        fname = img['file_path'].split('/')[-1].split('_')[-1].split('.')[0]\n",
    "\n",
    "        if int(fname) > 300:\n",
    "            time = 1.\n",
    "        else:\n",
    "            time = int(fname)/300 #(len(img_frames))\n",
    "\n",
    "        frames.append({\n",
    "            \"file_path\":f'train/frame_{fname}',\n",
    "            \"rotation\": local_properties['rotation'],\n",
    "            \"time\":time,\n",
    "            \"transform_matrix\":img['transform_matrix']\n",
    "        })\n",
    "    \n",
    "    # shuffle data\n",
    "    if shuffle == True:\n",
    "        random.shuffle(frames)\n",
    "\n",
    "    # train split\n",
    "    train_split = 0.9\n",
    "    train_idx = int(train_split * len(frames))\n",
    "    train_data = frames[:train_idx]\n",
    "    # test split (on remaining data)\n",
    "    test_split = 0.9\n",
    "    test_index = train_idx + int(test_split * (len(frames) - len(train_data)))\n",
    "    test_data =  frames[train_idx : test_index]\n",
    "    # val split\n",
    "    val_data = frames[test_index:]\n",
    "\n",
    "    print(f' Training dataset: {len(train_data)} | Testing dataset: {len(test_data)}')\n",
    "    data = [train_data, test_data, val_data]\n",
    "    for idx, d in enumerate(data):\n",
    "        file_ = {\n",
    "            \"frames\":[]\n",
    "        }\n",
    "\n",
    "        for file_key in transforms.keys():\n",
    "            if \"camera_angle\" not in file_key and file_key != 'frames':\n",
    "                file_[file_key] = transforms[file_key]\n",
    "        \n",
    "        # file_path\n",
    "        if idx == 0: file_path = Path(o_fp) / 'transforms_train.json'\n",
    "        elif idx == 1: file_path = Path(o_fp) / 'transforms_test.json'\n",
    "        elif idx == 2: file_path = Path(o_fp) / 'transforms_val.json'\n",
    "        \n",
    "        for frame in d:\n",
    "            if idx == 0:\n",
    "                name = 'train/'+frame['file_path'].split('/')[-1]\n",
    "            elif idx == 1:\n",
    "                name = 'test/'+frame['file_path'].split('/')[-1]\n",
    "            elif idx == 2:\n",
    "                name = 'val/'+frame['file_path'].split('/')[-1]\n",
    "\n",
    "            frame['file_path'] = name\n",
    "            file_['frames'].append(frame)\n",
    "\n",
    "            if idx == 0:\n",
    "                destination = Path(o_fp) / 'train' / (frame['file_path'].split('/')[-1] + '.png')\n",
    "                source = img_fp / (frame['file_path'].split('/')[-1] + '.png')\n",
    "                shutil.copyfile(source, destination)\n",
    "            elif idx == 1:\n",
    "                destination = Path(o_fp) / 'test' / (frame['file_path'].split('/')[-1] + '.png')\n",
    "                source = img_fp / (frame['file_path'].split('/')[-1] + '.png')\n",
    "                shutil.copyfile(source, destination)\n",
    "            elif idx == 2:\n",
    "                destination = Path(o_fp) / 'val' / (frame['file_path'].split('/')[-1] + '.png')\n",
    "                source = img_fp / (frame['file_path'].split('/')[-1] + '.png')\n",
    "                shutil.copyfile(source, destination)\n",
    "        \n",
    "        print(file_)\n",
    "        with open(file_path, 'w') as fp:\n",
    "            json.dump(file_, fp)   \n",
    "\n",
    "    "
   ]
  },
  {
   "attachments": {},
   "cell_type": "markdown",
   "metadata": {},
   "source": [
    "### Handler for nerfstudio2dnerf\n",
    "\n",
    "**Args:**\n",
    "- `d_fp`, Path, path to `transforms.json` **folder**\n",
    "- `o_fp`, Path, path to output folder\n",
    "- `v_fp`, Path, path to video\n",
    "- `img_fp`, Path, path to image folder"
   ]
  },
  {
   "cell_type": "code",
   "execution_count": 11,
   "metadata": {},
   "outputs": [],
   "source": [
    "def handler(d_fp, o_fp, v_fp, img_fp, meth, rotation:float=0.0, camera_angle_x:float=0.0):\n",
    "    d_fp = Path(d_fp)\n",
    "    v_fp = Path(v_fp)\n",
    "    img_fp = d_fp / img_fp\n",
    "\n",
    "    transforms_fp = d_fp/'transforms.json'\n",
    "\n",
    "    # Sanity Checks\n",
    "    folderchecks([d_fp, img_fp])\n",
    "    \n",
    "    # meth = 'linear'\n",
    "    # Handle exhaustive method\n",
    "    if meth == 'exhaustive':\n",
    "        exhaustive(d_fp, o_fp, v_fp, img_fp,transforms_fp)    \n",
    "    elif meth == 'linear':\n",
    "        linear(d_fp, o_fp, v_fp, img_fp,transforms_fp, rotation=rotation, camera_angle_x=camera_angle_x)    "
   ]
  },
  {
   "cell_type": "code",
   "execution_count": 12,
   "metadata": {},
   "outputs": [
    {
     "name": "stdout",
     "output_type": "stream",
     "text": [
      "Total number of images to process 780\n",
      " Training dataset: 702 | Testing dataset: 70\n",
      "{'frames': [{'file_path': 'train/frame_00093', 'rotation': 0.0, 'time': 0.31, 'transform_matrix': [[0.15474567907460235, -0.5344951125492546, 0.8308843177414644, 3.7802375693977495], [0.76186734118903, -0.4708678788434989, -0.44479387934523285, 0.8438042641848079], [0.6289768908611009, 0.7018535569008562, 0.33434960061037755, 0.3389751747729203], [0.0, 0.0, 0.0, 1.0]]}, {'file_path': 'train/frame_00748', 'rotation': 0.0, 'time': 1.0, 'transform_matrix': [[-0.8103413415933104, 0.3280375281728239, -0.48552887680859735, -1.941468836603119], [-0.4664444116236558, -0.8626380410858014, 0.19566609552171582, 3.8557881146192563], [-0.35464985685858647, 0.38502855761867233, 0.8520425393419443, 2.865456468323723], [0.0, 0.0, 0.0, 1.0]]}, {'file_path': 'train/frame_00695', 'rotation': 0.0, 'time': 1.0, 'transform_matrix': [[-0.40437136035865723, 0.5033147139999371, -0.763647891107446, -3.433213571868689], [-0.7517616607696519, -0.6584566193521942, -0.03590662652121385, 3.193870669114956], [-0.5209013422122688, 0.559561595449903, 0.6446337041910047, 2.365256605704446], [0.0, 0.0, 0.0, 1.0]]}, {'file_path': 'train/frame_00735', 'rotation': 0.0, 'time': 1.0, 'transform_matrix': [[-0.7206866377102179, 0.3760455382299819, -0.5824092404858195, -2.3628556324984946], [-0.5418600839418443, -0.8295758667537657, 0.13487598277780655, 3.716660318168086], [-0.4324331389434481, 0.41278763847414734, 0.8016283090475628, 2.762174456024977], [0.0, 0.0, 0.0, 1.0]]}, {'file_path': 'train/frame_00769', 'rotation': 0.0, 'time': 1.0, 'transform_matrix': [[-0.9095684465779856, 0.25909701847899347, -0.3248907139408681, -1.2603107296513774], [-0.34270982979889064, -0.9098727456528454, 0.233840884529136, 4.023137035885191], [-0.23502172995050108, 0.32403753136550273, 0.9163866349514407, 2.9346520793377064], [0.0, 0.0, 0.0, 1.0]]}, {'file_path': 'train/frame_00437', 'rotation': 0.0, 'time': 1.0, 'transform_matrix': [[0.9801921889628114, 0.11726057651502216, -0.15960335175571014, -1.039323186758379], [-0.15275748552522678, -0.06527411138339125, -0.9861056946388247, -1.6397195243270972], [-0.12604928921775976, 0.9909537060723238, -0.046068743299815404, -1.3625255023090377], [0.0, 0.0, 0.0, 1.0]]}, {'file_path': 'train/frame_00738', 'rotation': 0.0, 'time': 1.0, 'transform_matrix': [[-0.7435930098394954, 0.3562396890396874, -0.5658292318984111, -2.270925643116287], [-0.5203189787606461, -0.8397741441878981, 0.15507271550779217, 3.7541357934319057], [-0.41992570302294824, 0.4097226753627258, 0.8098084546572065, 2.796126580120722], [0.0, 0.0, 0.0, 1.0]]}, {'file_path': 'train/frame_00051', 'rotation': 0.0, 'time': 0.17, 'transform_matrix': [[0.03456767263318474, -0.562628653950682, 0.825986727352423, 4.0945475151617226], [0.7715862290418867, -0.5102575594813966, -0.3798577551465922, 1.2557929316920156], [0.635184829133728, 0.6504507827235906, 0.41647810517795997, 0.7542326715488635], [0.0, 0.0, 0.0, 1.0]]}, {'file_path': 'train/frame_00637', 'rotation': 0.0, 'time': 1.0, 'transform_matrix': [[0.016371233526060354, 0.570458933369221, -0.8211629485382816, -4.155625087730916], [-0.8367832170011662, -0.44171745680348845, -0.3235421705129592, 1.6835831119363718], [-0.547289530740369, 0.6924321581890233, 0.47011900179388383, 1.5557911263848716], [0.0, 0.0, 0.0, 1.0]]}, {'file_path': 'train/frame_00488', 'rotation': 0.0, 'time': 1.0, 'transform_matrix': [[0.8642715765740578, 0.31970793714033524, -0.3883574086529879, -1.920233355638726], [-0.39186249378043436, -0.05616394988935943, -0.9183078986380355, -1.3494057866039777], [-0.31540200997199036, 0.9458501179691722, 0.07674064401170716, -0.9281005202982536], [0.0, 0.0, 0.0, 1.0]]}, {'file_path': 'train/frame_00020', 'rotation': 0.0, 'time': 0.06666666666666667, 'transform_matrix': [[0.03450076710774905, -0.6103709302496981, 0.7913640278500743, 4.163727188853253], [0.7486223818279976, -0.5088017574256852, -0.4250709365114357, 1.3653216657389111], [0.6620983510741824, 0.6070980968069751, 0.4393832886651435, 0.9691376116344774], [0.0, 0.0, 0.0, 1.0]]}, {'file_path': 'train/frame_00615', 'rotation': 0.0, 'time': 1.0, 'transform_matrix': [[0.141674006940749, 0.5664485512468703, -0.8118278848054397, -4.113690724314515], [-0.8254721834388433, -0.38504479120161983, -0.41271804314472355, 1.0726518117346813], [-0.5463736360093352, 0.7286127555559418, 0.41303668398232596, 1.1369127007136377], [0.0, 0.0, 0.0, 1.0]]}, {'file_path': 'train/frame_00141', 'rotation': 0.0, 'time': 0.47, 'transform_matrix': [[0.35947962489137414, -0.5192253716289089, 0.775357603138564, 3.6439778771925386], [0.6792648751400361, -0.4241124850095644, -0.5989389196403947, 0.11834523988355296], [0.6398231229714573, 0.741979523649968, 0.20023176020606276, -0.21986417473718703], [0.0, 0.0, 0.0, 1.0]]}, {'file_path': 'train/frame_00407', 'rotation': 0.0, 'time': 1.0, 'transform_matrix': [[0.9984907356492722, 0.010636358421662514, -0.05388059671255637, -0.5507391432826525], [-0.05338155688984084, -0.042653481152368306, -0.9976628137450053, -1.736559542565524], [-0.012909694287313587, 0.999033306964843, -0.04202132040164387, -1.4746452982803497], [0.0, 0.0, 0.0, 1.0]]}, {'file_path': 'train/frame_00201', 'rotation': 0.0, 'time': 0.67, 'transform_matrix': [[0.6087649893704815, -0.4778562718178261, 0.6332918530986521, 2.9821094431494], [0.577497270484083, -0.28041685232713154, -0.7667224344665918, -0.8979050861761523], [0.5439688321036333, 0.8324780912524433, 0.10525273053226473, -0.6733992105691066], [0.0, 0.0, 0.0, 1.0]]}, {'file_path': 'train/frame_00462', 'rotation': 0.0, 'time': 1.0, 'transform_matrix': [[0.9500946189748589, 0.20750095665049836, -0.23294541846566866, -1.426662509626907], [-0.22706834732780964, -0.052047850791395546, -0.9724870111573798, -1.564454908519796], [-0.21391629352818056, 0.9768492075121545, -0.002333483670543109, -1.211083232460077], [0.0, 0.0, 0.0, 1.0]]}, {'file_path': 'train/frame_00540', 'rotation': 0.0, 'time': 1.0, 'transform_matrix': [[0.6184888828043681, 0.4976117712203838, -0.6081562521180859, -3.002061596430805], [-0.6337102639230617, -0.14176114611234278, -0.7604703010976026, -0.5568216301263911], [-0.46463190080532335, 0.8557372859679698, 0.22766399398720202, -0.11954141134290046], [0.0, 0.0, 0.0, 1.0]]}, {'file_path': 'train/frame_00479', 'rotation': 0.0, 'time': 1.0, 'transform_matrix': [[0.9002626339148992, 0.28559737499250376, -0.32857469375166326, -1.6975234714657643], [-0.3264553067026705, -0.056453634146303514, -0.9435252619391495, -1.4253034492726269], [-0.28801757359972574, 0.9566854899020192, 0.04241168127603606, -1.043924809699765], [0.0, 0.0, 0.0, 1.0]]}, {'file_path': 'train/frame_00670', 'rotation': 0.0, 'time': 1.0, 'transform_matrix': [[-0.2514528297057022, 0.5140917480684482, -0.8200494796052978, -3.873971673223558], [-0.7750133619101905, -0.6144728433466267, -0.14757172374873903, 2.6941942222844273], [-0.5797635408454525, 0.5984419766004373, 0.5529389092376338, 2.046285917697984], [0.0, 0.0, 0.0, 1.0]]}, {'file_path': 'train/frame_00442', 'rotation': 0.0, 'time': 1.0, 'transform_matrix': [[0.9753848345330762, 0.13880792144637855, -0.17133821963187168, -1.1262986332649276], [-0.16281355851530258, -0.07068588438239023, -0.9841215630767691, -1.6438923787586577], [-0.1487150622044305, 0.9877934332100086, -0.04634612800134438, -1.3360410967492686], [0.0, 0.0, 0.0, 1.0]]}, {'file_path': 'train/frame_00421', 'rotation': 0.0, 'time': 1.0, 'transform_matrix': [[0.9946464849537543, 0.05909477724019084, -0.08477132340640328, -0.7633665032172011], [-0.08196739755384042, -0.04836223636148567, -0.9954609182847743, -1.6742530952843144], [-0.06292627199661098, 0.9970801880476052, -0.04325948330205201, -1.4611640518838405], [0.0, 0.0, 0.0, 1.0]]}, {'file_path': 'train/frame_00378', 'rotation': 0.0, 'time': 1.0, 'transform_matrix': [[0.9999929434303125, 0.0033952502879588987, -0.0016079070439953993, -0.14093935658484213], [-0.001686304368287408, 0.02321509355824927, -0.9997290712031232, -1.9068542989879702], [-0.003357002704423965, 0.9997247279659355, 0.023220655164715782, -1.2940071628403638], [0.0, 0.0, 0.0, 1.0]]}, {'file_path': 'train/frame_00258', 'rotation': 0.0, 'time': 0.86, 'transform_matrix': [[0.8192662004671294, -0.35010681756205064, 0.4541234513529621, 2.0346963729364536], [0.4312338912877892, -0.14580545484420104, -0.89038087375149, -1.5732922841001145], [0.3779420905071892, 0.925292378458965, 0.03152444430607706, -1.027962948617401], [0.0, 0.0, 0.0, 1.0]]}, {'file_path': 'train/frame_00357', 'rotation': 0.0, 'time': 1.0, 'transform_matrix': [[0.9970184084608572, -0.04750097084318834, 0.06081077995827857, 0.263502474132315], [0.061030674747686635, 0.0031913964877789006, -0.9981307888890614, -1.94868080501296], [0.04721811019112993, 0.9988660935067386, 0.006080897348742862, -1.3066849136009537], [0.0, 0.0, 0.0, 1.0]]}, {'file_path': 'train/frame_00731', 'rotation': 0.0, 'time': 1.0, 'transform_matrix': [[-0.6899561664035921, 0.4025172673341125, -0.6016147753667124, -2.49268434993509], [-0.5668581370035309, -0.8173183609253452, 0.103259621378325, 3.668065412012344], [-0.4501470214880328, 0.412274843268646, 0.7920840313080847, 2.7184372854341023], [0.0, 0.0, 0.0, 1.0]]}, {'file_path': 'train/frame_00628', 'rotation': 0.0, 'time': 1.0, 'transform_matrix': [[0.06057348048477239, 0.562360436295303, -0.8246705967546789, -4.169746599268955], [-0.848530293959209, -0.4060887696953999, -0.3392465937349633, 1.4290812396013772], [-0.5256683305045681, 0.7203073308088938, 0.45258165615445267, 1.3988342288482885], [0.0, 0.0, 0.0, 1.0]]}, {'file_path': 'train/frame_00223', 'rotation': 0.0, 'time': 0.7433333333333333, 'transform_matrix': [[0.7024547350087487, -0.4479953317330737, 0.5530438753020972, 2.630111331392114], [0.5182903946556655, -0.2105612473610472, -0.8288781743521987, -1.1342923928349515], [0.48778316091421486, 0.868886726711332, 0.08428193206971471, -0.7447543694132227], [0.0, 0.0, 0.0, 1.0]]}, {'file_path': 'train/frame_00663', 'rotation': 0.0, 'time': 1.0, 'transform_matrix': [[-0.1959487617748797, 0.5364279106485019, -0.8208831703940433, -3.9607729357013786], [-0.7863767409697422, -0.5860719442781915, -0.19527236719973623, 2.5100501954309897], [-0.5858461436424245, 0.6072600536897382, 0.536674503933284, 1.9696113675480158], [0.0, 0.0, 0.0, 1.0]]}, {'file_path': 'train/frame_00218', 'rotation': 0.0, 'time': 0.7266666666666667, 'transform_matrix': [[0.684181066755708, -0.4528431187206777, 0.5716899314491666, 2.7161498814120586], [0.5348664985549607, -0.22133245981256724, -0.8154322601889596, -1.081647151658783], [0.49579642658714157, 0.8636811055364412, 0.0907791348426095, -0.7173943197276591], [0.0, 0.0, 0.0, 1.0]]}, {'file_path': 'train/frame_00112', 'rotation': 0.0, 'time': 0.37333333333333335, 'transform_matrix': [[0.27644820552509053, -0.5272128371073078, 0.8035066981993495, 3.7154983302898827], [0.697570036122864, -0.4650188367082817, -0.5451179012012198, 0.5057746890009593], [0.66103890533425, 0.7111990620745642, 0.23921425488201264, 0.014186212926812092], [0.0, 0.0, 0.0, 1.0]]}, {'file_path': 'train/frame_00553', 'rotation': 0.0, 'time': 1.0, 'transform_matrix': [[0.5470095233351412, 0.5066190672302595, -0.6664215648517106, -3.283551255795895], [-0.6865156969453795, -0.18406595003176204, -0.7034315346119369, -0.27918012906098766], [-0.479037346381533, 0.8422926135005854, 0.24711611443629583, 0.06276135229601149], [0.0, 0.0, 0.0, 1.0]]}, {'file_path': 'train/frame_00723', 'rotation': 0.0, 'time': 1.0, 'transform_matrix': [[-0.6154108133073279, 0.4511124723255663, -0.6463490296865382, -2.7427216308531586], [-0.6174450065460844, -0.7856178151699248, 0.03957666457574088, 3.569323930919064], [-0.4899297855363769, 0.42344088820040693, 0.7620148420105284, 2.643106035435921], [0.0, 0.0, 0.0, 1.0]]}, {'file_path': 'train/frame_00631', 'rotation': 0.0, 'time': 1.0, 'transform_matrix': [[0.0479264111877531, 0.562388079634703, -0.8254833172120755, -4.177500558217236], [-0.843109979359647, -0.4203708564779259, -0.33534147630167904, 1.5034432776394187], [-0.5356011779438472, 0.7120449360179494, 0.4540081356940175, 1.4552916628601336], [0.0, 0.0, 0.0, 1.0]]}, {'file_path': 'train/frame_00210', 'rotation': 0.0, 'time': 0.7, 'transform_matrix': [[0.6521650033401335, -0.4541355289230347, 0.606994011328085, 2.8405545746796554], [0.5609788109933749, -0.24944601157436677, -0.7893538249265031, -1.0079159433298601], [0.5098858519657348, 0.8552997186246681, 0.09208045007351151, -0.6815165793064604], [0.0, 0.0, 0.0, 1.0]]}, {'file_path': 'train/frame_00172', 'rotation': 0.0, 'time': 0.5733333333333334, 'transform_matrix': [[0.4797113914420947, -0.49602939856037365, 0.7237622653085225, 3.4410026230859585], [0.6321569301320403, -0.3766530275504573, -0.6771337478837617, -0.3920713210776498], [0.6084854941629463, 0.7823601041725662, 0.1328836739120604, -0.49825585020469104], [0.0, 0.0, 0.0, 1.0]]}, {'file_path': 'train/frame_00022', 'rotation': 0.0, 'time': 0.07333333333333333, 'transform_matrix': [[0.03149711681355731, -0.6038675631212292, 0.7964621132498786, 4.17362194100884], [0.7534186801459984, -0.5092805445715083, -0.4159250164729345, 1.3683603713956174], [0.6567862849051406, 0.6131698729805442, 0.4389242335865353, 0.9671678014160587], [0.0, 0.0, 0.0, 1.0]]}, {'file_path': 'train/frame_00394', 'rotation': 0.0, 'time': 1.0, 'transform_matrix': [[0.999659001824685, -0.021491099617722692, -0.014832825357824663, -0.39232834630953106], [-0.014894007140679311, -0.002689573562135264, -0.9998854608130608, -1.8328403321920481], [0.021448744069711884, 0.9997654219021955, -0.003008745013625612, -1.4314304833817226], [0.0, 0.0, 0.0, 1.0]]}, {'file_path': 'train/frame_00415', 'rotation': 0.0, 'time': 1.0, 'transform_matrix': [[0.996498088649074, 0.037078752431553105, -0.07494481594388024, -0.6664249797714119], [-0.07315118035537631, -0.047572661054606294, -0.9961855985371395, -1.7002412921261776], [-0.04050264351073522, 0.9981793466298045, -0.04469371130639251, -1.4745373977831728], [0.0, 0.0, 0.0, 1.0]]}, {'file_path': 'train/frame_00055', 'rotation': 0.0, 'time': 0.18333333333333332, 'transform_matrix': [[0.043154008564954695, -0.5700046558361073, 0.8205074185343695, 4.056549996124821], [0.7746030128052327, -0.4995953696597277, -0.3878074769361927, 1.2114057781782557], [0.6309737744929107, 0.6523029656070257, 0.41996778086235165, 0.6909916636345487], [0.0, 0.0, 0.0, 1.0]]}, {'file_path': 'train/frame_00409', 'rotation': 0.0, 'time': 1.0, 'transform_matrix': [[0.9980613922220849, 0.01628042938838064, -0.06007000062130452, -0.5779873942492416], [-0.059255838278704565, -0.04657074673080388, -0.9971559111687718, -1.7251657616754321], [-0.01903163118604355, 0.9987823152058036, -0.04551575382802246, -1.4759670011813328], [0.0, 0.0, 0.0, 1.0]]}, {'file_path': 'train/frame_00363', 'rotation': 0.0, 'time': 1.0, 'transform_matrix': [[0.9988926736264785, -0.027556221179433068, 0.03813241730674809, 0.1471977672825111], [0.03881472706052154, 0.024665011963762355, -0.998941967357486, -1.9322745457234216], [0.026586529268842776, 0.9993159119413327, 0.02570728694941071, -1.2975483705820938], [0.0, 0.0, 0.0, 1.0]]}, {'file_path': 'train/frame_00069', 'rotation': 0.0, 'time': 0.23, 'transform_matrix': [[0.06015880407591294, -0.5168628769839548, 0.8539518046634866, 3.9642380040471017], [0.7789132051901833, -0.510699423816301, -0.3639784571840123, 1.0829755134326915], [0.6242396471488427, 0.6870508459419635, 0.37186825357634495, 0.48840469930193053], [0.0, 0.0, 0.0, 1.0]]}, {'file_path': 'train/frame_00336', 'rotation': 0.0, 'time': 1.0, 'transform_matrix': [[0.9765543762814908, -0.11998507820108942, 0.17873200937310277, 0.6319376056932958], [0.17096212833370578, -0.07227857358566822, -0.9826228973904642, -1.9794552191309411], [0.13081857987716408, 0.9901410954048415, -0.05007105300892366, -1.3594823411580172], [0.0, 0.0, 0.0, 1.0]]}, {'file_path': 'train/frame_00307', 'rotation': 0.0, 'time': 1.0, 'transform_matrix': [[0.9390763273593179, -0.19976022511141772, 0.2796989521910496, 1.1501090458825634], [0.2664259452974788, -0.09105591304134586, -0.959544702644203, -1.9064120953058583], [0.2171471092731381, 0.9756047730324214, -0.03228714559506992, -1.3445045566517044], [0.0, 0.0, 0.0, 1.0]]}, {'file_path': 'train/frame_00150', 'rotation': 0.0, 'time': 0.5, 'transform_matrix': [[0.39634540242944577, -0.49470165074361017, 0.7734213591080786, 3.5868863278427034], [0.6738435728073319, -0.4154220032649832, -0.611031421933077, -0.014899832725595336], [0.6235745034551124, 0.7633445067299923, 0.16870092674865303, -0.2882169265412186], [0.0, 0.0, 0.0, 1.0]]}, {'file_path': 'train/frame_00620', 'rotation': 0.0, 'time': 1.0, 'transform_matrix': [[0.10445338033349633, 0.5619984982649167, -0.8205164101252841, -4.1437636370674005], [-0.8372777169142538, -0.395542910669378, -0.37750739142174483, 1.2146381930325119], [-0.5367080361758707, 0.7264320296952596, 0.4292330254501223, 1.2368757208000534], [0.0, 0.0, 0.0, 1.0]]}, {'file_path': 'train/frame_00072', 'rotation': 0.0, 'time': 0.24, 'transform_matrix': [[0.07239636890785797, -0.5031106989180633, 0.8611842952603908, 3.9535386119936846], [0.7825673924159006, -0.5066583273038512, -0.36178117101507873, 1.0556973498511708], [0.6183421723417672, 0.7001263914521734, 0.3570378045751218, 0.482304520889425], [0.0, 0.0, 0.0, 1.0]]}, {'file_path': 'train/frame_00672', 'rotation': 0.0, 'time': 1.0, 'transform_matrix': [[-0.26694161416739676, 0.512573452530273, -0.816094743511378, -3.8452576830330414], [-0.7751441263703617, -0.617365123500123, -0.134208373953371, 2.738021493390913], [-0.5726200817114565, 0.5967652470166762, 0.5621187436599948, 2.0675910540318627], [0.0, 0.0, 0.0, 1.0]]}, {'file_path': 'train/frame_00365', 'rotation': 0.0, 'time': 1.0, 'transform_matrix': [[0.9992923710912426, -0.01981875973619929, 0.03196832559520736, 0.10575971423557752], [0.03246118317147973, 0.02506638250271018, -0.9991586200675724, -1.9299535112838275], [0.019000754352131003, 0.99948931621641, 0.025691985195841604, -1.2968432597725459], [0.0, 0.0, 0.0, 1.0]]}, {'file_path': 'train/frame_00198', 'rotation': 0.0, 'time': 0.66, 'transform_matrix': [[0.5941564713570257, -0.4871021474266258, 0.6400856079595418, 3.0400934482949276], [0.5799287535415952, -0.2920101357214898, -0.7605344972133796, -0.8550101447063607], [0.5573694720383047, 0.8230805419934832, 0.10898482936379147, -0.6553644810013223], [0.0, 0.0, 0.0, 1.0]]}, {'file_path': 'train/frame_00234', 'rotation': 0.0, 'time': 0.78, 'transform_matrix': [[0.7349675942019493, -0.4149019649282001, 0.5363571524382961, 2.451654405630255], [0.5030728385074158, -0.1967451999381382, -0.8415515702898981, -1.2908802002032778], [0.45468709529641405, 0.8883398481437275, 0.06412456292941905, -0.8114789559367038], [0.0, 0.0, 0.0, 1.0]]}, {'file_path': 'train/frame_00268', 'rotation': 0.0, 'time': 0.8933333333333333, 'transform_matrix': [[0.848321971634768, -0.3162126649510974, 0.4246873944046665, 1.8512640675409042], [0.40461040606174004, -0.1302127959008866, -0.9051712805266349, -1.667388088751892], [0.34152635586181884, 0.939709624462897, 0.017480559017012738, -1.1202599285912949], [0.0, 0.0, 0.0, 1.0]]}, {'file_path': 'train/frame_00552', 'rotation': 0.0, 'time': 1.0, 'transform_matrix': [[0.5508082742931152, 0.5072573675398648, -0.6627972601382478, -3.2598839992194213], [-0.6837399816795708, -0.18118123604650735, -0.7068755174409996, -0.29680156658562346], [-0.4786542409955876, 0.8425338704059242, 0.24703601922746354, 0.048067261145967675], [0.0, 0.0, 0.0, 1.0]]}, {'file_path': 'train/frame_00367', 'rotation': 0.0, 'time': 1.0, 'transform_matrix': [[0.9995897380616607, -0.013049294547497583, 0.025496499242704532, 0.06353232286313842], [0.025808104192296823, 0.02429540083523113, -0.9993716402101147, -1.92861325828032], [0.012421647226520895, 0.9996196523728753, 0.024622210910309524, -1.2926669651160374], [0.0, 0.0, 0.0, 1.0]]}, {'file_path': 'train/frame_00450', 'rotation': 0.0, 'time': 1.0, 'transform_matrix': [[0.966190114977314, 0.16433500998262357, -0.19867225829021917, -1.2586782653153075], [-0.1905350069645265, -0.0640409785386125, -0.9795892834187421, -1.6281307225392023], [-0.17370398049887167, 0.9843235024938843, -0.030564188145927013, -1.2788390731759753], [0.0, 0.0, 0.0, 1.0]]}, {'file_path': 'train/frame_00473', 'rotation': 0.0, 'time': 1.0, 'transform_matrix': [[0.9186184533577493, 0.2611889775444091, -0.29651383637180023, -1.585637103636096], [-0.29085369656653315, -0.06100547928796625, -0.9548206421576928, -1.479799471063062], [-0.2674775959668391, 0.9633580069248149, 0.019927020591364863, -1.104204584397691], [0.0, 0.0, 0.0, 1.0]]}, {'file_path': 'train/frame_00617', 'rotation': 0.0, 'time': 1.0, 'transform_matrix': [[0.12714629509690273, 0.5638817037222826, -0.8160093405411405, -4.127266796481463], [-0.8291921752930274, -0.39103484634247654, -0.3994146784718019, 1.130444182887328], [-0.5443107164808979, 0.7274126567177475, 0.4178476645511855, 1.1751389261322995], [0.0, 0.0, 0.0, 1.0]]}, {'file_path': 'train/frame_00396', 'rotation': 0.0, 'time': 1.0, 'transform_matrix': [[0.9996122935645618, -0.021115226895653812, -0.0181496486947131, -0.41883120610156443], [-0.018342239633299076, -0.00896330032771479, -0.9997915890286685, -1.8149981434881453], [0.020948145498613374, 0.9997368686011237, -0.009347125750126537, -1.448739227461353], [0.0, 0.0, 0.0, 1.0]]}, {'file_path': 'train/frame_00618', 'rotation': 0.0, 'time': 1.0, 'transform_matrix': [[0.11960059552813627, 0.562923056952315, -0.8178100815597563, -4.133216096977913], [-0.831675434171523, -0.39306913145145783, -0.3921895333835473, 1.1590777555120375], [-0.5422284294879078, 0.7270586564036338, 0.4211579755906563, 1.195750093723958], [0.0, 0.0, 0.0, 1.0]]}, {'file_path': 'train/frame_00418', 'rotation': 0.0, 'time': 1.0, 'transform_matrix': [[0.9956919626931503, 0.04778805830375892, -0.0794595300251566, -0.7114100492979154], [-0.07727448719384739, -0.04595594084910133, -0.995950151930106, -1.6875057565738756], [-0.05124616138980696, 0.9977997559551867, -0.04206516324203936, -1.468124992817046], [0.0, 0.0, 0.0, 1.0]]}, {'file_path': 'train/frame_00043', 'rotation': 0.0, 'time': 0.14333333333333334, 'transform_matrix': [[0.029512797955652155, -0.5678232340954802, 0.8226212795558951, 4.175339799447043], [0.7694547920015257, -0.5123997927152291, -0.38129486685671354, 1.3306610974570352], [0.638019057570162, 0.64422296392378, 0.4217919569296486, 0.8525215646738743], [0.0, 0.0, 0.0, 1.0]]}, {'file_path': 'train/frame_00403', 'rotation': 0.0, 'time': 1.0, 'transform_matrix': [[0.999248954805106, -0.0027270354578280893, -0.038653455195040515, -0.5019526154404444], [-0.03872351169322103, -0.033725096317114, -0.9986806834622096, -1.76009004502574], [0.001419846135407443, 0.9994274266578904, -0.03380536763501672, -1.4753052550111954], [0.0, 0.0, 0.0, 1.0]]}, {'file_path': 'train/frame_00216', 'rotation': 0.0, 'time': 0.72, 'transform_matrix': [[0.676820267794206, -0.45321965668957354, 0.5800916030190095, 2.7482702771080176], [0.541177669949622, -0.227865701834593, -0.8094466946472304, -1.0657370034022113], [0.4990401333068085, 0.8617825507154422, 0.09104823244582698, -0.7087772805924348], [0.0, 0.0, 0.0, 1.0]]}, {'file_path': 'train/frame_00383', 'rotation': 0.0, 'time': 1.0, 'transform_matrix': [[0.9999875336950195, 0.0029436510028264624, -0.004033283194365904, -0.22195793806708525], [-0.0040979462660661456, 0.022301900301522615, -0.9997428829850911, -1.8918301200278178], [-0.002852944260379127, 0.999746948063216, 0.02231368520286745, -1.3093777594630855], [0.0, 0.0, 0.0, 1.0]]}, {'file_path': 'train/frame_00510', 'rotation': 0.0, 'time': 1.0, 'transform_matrix': [[0.73953377248103, 0.42728618773201454, -0.520111827526944, -2.4075101194787702], [-0.5420942305428291, -0.07998774334759264, -0.8365021255958276, -1.1011444516811795], [-0.39902837564784055, 0.900571193569726,