{"frames": [{"file_path": "train/r_0", "rotation": 0.3141592653589793, "time": 0.0, "transform_matrix": [[0.1372064249, 0.03358443094, -0.9899729708, 20.73087753], [-0.09080319967, 0.9956433526, 0.02119182406, 126.7460253], [0.986371723, 0.08698505892, 0.1396582387, 285.8988437], [0.0, 0.0, 0.0, 1.0]]}, {"file_path": "train/r_1", "rotation": 0.3141592653589793, "time": 0.005555555555555556, "transform_matrix": [[0.05361535669, 0.02356944191, 0.9982834642, 6.302501384], [0.6379545649, 0.7682889931, -0.05240225469, 106.0031278], [-0.7682052894, 0.6396690586, 0.02615585534, 360.8606891], [0.0, 0.0, 0.0, 1.0]]}, {"file_path": "train/r_2", "rotation": 0.3141592653589793, "time": 0.011111111111111112, "transform_matrix": [[-0.9971052592, 0.05175513088, -0.05570016552, -19.5289949], [-0.0126006696, 0.6099628616, 0.7923298117, 63.54335223], [0.07498216546, 0.7907380817, -0.6075450279, 381.0056044], [0.0, 0.0, 0.0, 1.0]]}, {"file_path": "train/r_3", "rotation": 0.3141592653589793, "time": 0.016666666666666666, "transform_matrix": [[-0.6213705488, -0.02874675498, 0.7829893135, -16.11141847], [0.0742186265, 0.9926737111, 0.09534410667, 117.7057933], [-0.7799937413, 0.1173564113, -0.6146846641, 287.7678517], [0.0, 0.0, 0.0, 1.0]]}, {"file_path": "train/r_4", "rotation": 0.3141592653589793, "time": 0.022222222222222223, "transform_matrix": [[-0.5302378479, -0.01195605637, 0.8477646356, -6.304279072], [0.6361781076, 0.6553716929, 0.4071429228, 82.11068043], [-0.5604687681, 0.7552118887, -0.3398966947, 378.0920485], [0.0, 0.0, 0.0, 1.0]]}, {"file_path": "train/r_5", "rotation": 0.3141592653589793, "time": 0.027777777777777776, "transform_matrix": [[-0.931416372, -0.01085070982, -0.3637936284, -8.96935041], [-0.0215342967, 0.9994473337, 0.02532392758, 143.7239671], [0.3633177893, 0.03142116068, -0.9311352719, 280.9298023], [0.0, 0.0, 0.0, 1.0]]}, {"file_path": "train/r_6", "rotation": 0.3141592653589793, "time": 0.03333333333333333, "transform_matrix": [[0.9450440073, -0.04884156966, -0.3232743808, -7.539723999], [-0.2135354366, 0.6565431962, -0.723431855, 83.58808335], [0.2475771425, 0.7527054754, 0.6100328072, 377.589336], [0.0, 0.0, 0.0, 1.0]]}, {"file_path": "train/r_7", "rotation": 0.3141592653589793, "time": 0.03888888888888889, "transform_matrix": [[-0.9420919484, -0.03735210757, 0.3332680315, -7.886288463], [0.1800459391, 0.7820722323, 0.5966125068, 113.0373483], [-0.2829244079, 0.6220673946, -0.7300588578, 359.141246], [0.0, 0.0, 0.0, 1.0]]}, {"file_path": "train/r_8", "rotation": 0.3141592653589793, "time": 0.044444444444444446, "transform_matrix": [[0.9583994751, 0.01778643244, -0.2848755676, -13.29624174], [-0.0332485028, 0.9982189491, -0.04953248136, 137.0052673], [0.2834871836, 0.05694359024, 0.9572838891, 283.7762544], [0.0, 0.0, 0.0, 1.0]]}, {"file_path": "train/r_9", "rotation": 0.3141592653589793, "time": 0.05, "transform_matrix": [[-0.3170512544, -0.08465303404, 0.9446228697, 6.104533142], [-0.1244440107, 0.9911104374, 0.04705092086, 146.6574777], [-0.9402085887, -0.102635105, -0.3247673705, 257.9330888], [0.0, 0.0, 0.0, 1.0]]}, {"file_path": "train/r_10", "rotation": 0.3141592653589793, "time": 0.05555555555555555, "transform_matrix": [[0.9501861087, 0.04814450184, 0.3079423092, 25.38253865], [0.1565079927, 0.7807086378, -0.604978736, 113.1072842], [-0.2695396206, 0.6230378237, 0.7342835033, 359.4567264], [0.0, 0.0, 0.0, 1.0]]}, {"file_path": "train/r_11", "rotation": 0.3141592653589793, "time": 0.06111111111111111, "transform_matrix": [[0.813402857, 0.04088799572, -0.5802619788, 1.980014015], [-0.2846532693, 0.8979104762, -0.3357518326, 104.1357867], [0.5072950902, 0.4382749692, 0.7420018483, 333.0567284], [0.0, 0.0, 0.0, 1.0]]}, {"file_path": "train/r_12", "rotation": 0.3141592653589793, "time": 0.06666666666666667, "transform_matrix": [[-0.995160582, 0.04264677773, -0.08852495881, 21.46174217], [-0.002250036674, 0.8907813173, 0.454426652, 97.75417036], [0.09823621185, 0.4524266759, -0.8863744974, 334.7108941], [0.0, 0.0, 0.0, 1.0]]}, {"file_path": "train/r_13", "rotation": 0.3141592653589793, "time": 0.07222222222222222, "transform_matrix": [[-0.2863023505, 0.07337975683, -0.955325272, -17.18395779], [-0.7560233725, 0.5952186558, 0.2722928791, 58.13742383], [0.5886082096, 0.8002063253, -0.114935689, 382.4232147], [0.0, 0.0, 0.0, 1.0]]}, {"file_path": "train/r_14", "rotation": 0.3141592653589793, "time": 0.07777777777777778, "transform_matrix": [[0.8242511761, -0.07890321476, 0.5606998139, -3.315514906], [0.01905363054, 0.9935474692, 0.1118051235, 142.6492195], [-0.5659036648, -0.08147213746, 0.8204360627, 266.3901612], [0.0, 0.0, 0.0, 1.0]]}, {"file_path": "train/r_15", "rotation": 0.3141592653589793, "time": 0.08333333333333333, "transform_matrix": [[-0.9997697698, 0.006289785904, 0.02051452994, 7.018751682], [0.005103677885, 0.9983401517, -0.05736631319, 134.8432146], [-0.02084130076, -0.05724840618, -0.9981424048, 267.7549086], [0.0, 0.0, 0.0, 1.0]]}, {"file_path": "train/r_16", "rotation": 0.3141592653589793, "time": 0.08888888888888889, "transform_matrix": [[0.7690329537, 0.002071689132, 0.6392057761, 7.235824974], [0.2541549102, 0.916559377, -0.3087461578, 118.7971892], [-0.586509674, 0.3998932563, 0.704337835, 329.178674], [0.0, 0.0, 0.0, 1.0]]}, {"file_path": "train/r_17", "rotation": 0.3141592653589793, "time": 0.09444444444444444, "transform_matrix": [[0.504697371, 0.09463990715, -0.8580931486, 19.27943134], [-0.6045541869, 0.7483054902, -0.2730441876, 95.96345399], [0.6162749377, 0.6565684894, 0.4348827658, 363.472236], [0.0, 0.0, 0.0, 1.0]]}, {"file_path": "train/r_18", "rotation": 0.3141592653589793, "time": 0.1, "transform_matrix": [[-0.4048572291, -0.00134702801, 0.9143789201, 15.24345329], [0.3646070229, 0.9168217889, 0.1627867511, 118.1384328], [-0.8385417956, 0.3992943688, -0.3706907932, 327.1437172], [0.0, 0.0, 0.0, 1.0]]}, {"file_path": "train/r_19", "rotation": 0.3141592653589793, "time": 0.10555555555555556, "transform_matrix": [[0.7354897307, 0.0094411924, 0.6774700879, -21.81258847], [0.5177222843, 0.63717391, -0.5709404914, 75.3066215], [-0.4370566239, 0.7706622297, 0.4637469518, 378.3765587], [0.0, 0.0, 0.0, 1.0]]}, {"file_path": "train/r_20", "rotation": 0.3141592653589793, "time": 0.1111111111111111, "transform_matrix": [[-0.6234771297, 0.03836957612, -0.7808995097, 20.57058705], [-0.1393727796, 0.977342967, 0.1592983148, 136.9840173], [0.7693188526, 0.2081549913, -0.6040033134, 303.9482693], [0.0, 0.0, 0.0, 1.0]]}, {"file_path": "train/r_21", "rotation": 0.3141592653589793, "time": 0.11666666666666667, "transform_matrix": [[-0.2593119664, -0.04847977338, -0.9645760808, -9.004449295], [-0.4534297212, 0.8879362779, 0.07727000967, 96.69952659], [0.8527360624, 0.4574045015, -0.2522346724, 335.1769563], [0.0, 0.0, 0.0, 1.0]]}, {"file_path": "train/r_22", "rotation": 0.3141592653589793, "time": 0.12222222222222222, "transform_matrix": [[-0.9331860173, -0.03019150828, 0.3581233445, 4.173854392], [0.07422499105, 0.9587914396, 0.2742437347, 113.4699066], [-0.351645429, 0.2825021206, -0.8924898006, 311.8491276], [0.0, 0.0, 0.0, 1.0]]}, {"file_path": "train/r_23", "rotation": 0.3141592653589793, "time": 0.12777777777777777, "transform_matrix": [[0.516477869, 0.01371119612, 0.8561907579, 4.034358173], [0.1417117499, 0.9847159167, -0.1012538559, 102.6779078], [-0.8444929785, 0.1736276663, 0.5066409406, 296.0940222], [0.0, 0.0, 0.0, 1.0]]}, {"file_path": "train/r_24", "rotation": 0.3141592653589793, "time": 0.13333333333333333, "transform_matrix": [[-0.3848193348, -0.05845218741, -0.9211391976, -15.35934472], [0.02498396627, 0.9969673551, -0.07370138643, 132.6868167], [0.9226537167, -0.05137542914, -0.3821919469, 268.2646585], [0.0, 0.0, 0.0, 1.0]]}, {"file_path": "train/r_25", "rotation": 0.3141592653589793, "time": 0.1388888888888889, "transform_matrix": [[0.7939811294, 0.001290486097, -0.607941034, 6.869638335], [0.04509885326, 0.9971173883, 0.06101645143, 139.4305606], [0.6062673169, -0.0758633545, 0.7916341907, 263.5330554], [0.0, 0.0, 0.0, 1.0]]}, {"file_path": "train/r_26", "rotation": 0.3141592653589793, "time": 0.14444444444444443, "transform_matrix": [[-0.7561120385, -0.04307648737, -0.6530229717, -15.30094412], [0.1389527861, 0.9645135164, -0.2245123602, 141.3157381], [0.6395206866, -0.2604958596, -0.7232946831, 242.1775553], [0.0, 0.0, 0.0, 1.0]]}, {"file_path": "train/r_27", "rotation": 0.3141592653589793, "time": 0.15, "transform_matrix": [[0.9780344963, 0.02891040754, 0.2064284681, 2.788749641], [0.02547484916, 0.9663325061, -0.2560322631, 123.1479569], [-0.2068805359, 0.2556671195, 0.9443700376, 311.3834208], [0.0, 0.0, 0.0, 1.0]]}, {"file_path": "train/r_28", "rotation": 0.3141592653589793, "time": 0.15555555555555556, "transform_matrix": [[-0.6299624704, -0.02908248096, -0.7760808561, -10.33248201], [-0.5133975874, 0.7653997665, 0.3880542677, 102.8763819], [0.5827265252, 0.6428976642, -0.4971040033, 362.7077217], [0.0, 0.0, 0.0, 1.0]]}, {"file_path": "train/r_29", "rotation": 0.3141592653589793, "time": 0.16111111111111112, "transform_matrix": [[0.4892789646, -0.07261725697, -0.8690988602, -19.74167614], [-0.08247473462, 0.9882088818, -0.1290004811, 158.4435862], [0.8682188739, 0.1347959197, 0.4775207295, 291.9157683], [0.0, 0.0, 0.0, 1.0]]}, {"file_path": "train/r_30", "rotation": 0.3141592653589793, "time": 0.16666666666666666, "transform_matrix": [[0.0862209863, 0.06153799793, 0.9943736804, 14.27192144], [0.2153161763, 0.9733512515, -0.07890681534, 132.5172197], [-0.9727306337, 0.2209081621, 0.07067317851, 303.4289555], [0.0, 0.0, 0.0, 1.0]]}, {"file_path": "train/r_31", "rotation": 0.3141592653589793, "time": 0.17222222222222222, "transform_matrix": [[0.1372064249, 0.03358443094, -0.9899729708, 20.73087753], [-0.09080319967, 0.9956433526, 0.02119182406, 126.7460253], [0.986371723, 0.08698505892, 0.1396582387, 285.8988437], [0.0, 0.0, 0.0, 1.0]]}, {"file_path": "train/r_32", "rotation": 0.3141592653589793, "time": 0.17777777777777778, "transform_matrix": [[0.05361535669, 0.02356944191, 0.9982834642, 6.302501384], [0.6379545649, 0.7682889931, -0.05240225469, 106.0031278], [-0.7682052894, 0.6396690586, 0.02615585534, 360.8606891], [0.0, 0.0, 0.0, 1.0]]}, {"file_path": "train/r_33", "rotation": 0.3141592653589793, "time": 0.18333333333333332, "transform_matrix": [[-0.9971052592, 0.05175513088, -0.05570016552, -19.5289949], [-0.0126006696, 0.6099628616, 0.7923298117, 63.54335223], [0.07498216546, 0.7907380817, -0.6075450279, 381.0056044], [0.0, 0.0, 0.0, 1.0]]}, {"file_path": "train/r_34", "rotation": 0.3141592653589793, "time": 0.18888888888888888, "transform_matrix": [[-0.6213705488, -0.02874675498, 0.7829893135, -16.11141847], [0.0742186265, 0.9926737111, 0.09534410667, 117.7057933], [-0.7799937413, 0.1173564113, -0.6146846641, 287.7678517], [0.0, 0.0, 0.0, 1.0]]}, {"file_path": "train/r_35", "rotation": 0.3141592653589793, "time": 0.19444444444444445, "transform_matrix": [[-0.5302378479, -0.01195605637, 0.8477646356, -6.304279072], [0.6361781076, 0.6553716929, 0.4071429228, 82.11068043], [-0.5604687681, 0.7552118887, -0.3398966947, 378.0920485], [0.0, 0.0, 0.0, 1.0]]}, {"file_path": "train/r_36", "rotation": 0.3141592653589793, "time": 0.2, "transform_matrix": [[-0.931416372, -0.01085070982, -0.3637936284, -8.96935041], [-0.0215342967, 0.9994473337, 0.02532392758, 143.7239671], [0.3633177893, 0.03142116068, -0.9311352719, 280.9298023], [0.0, 0.0, 0.0, 1.0]]}, {"file_path": "train/r_37", "rotation": 0.3141592653589793, "time": 0.20555555555555555, "transform_matrix": [[0.9450440073, -0.04884156966, -0.3232743808, -7.539723999], [-0.2135354366, 0.6565431962, -0.723431855, 83.58808335], [0.2475771425, 0.7527054754, 0.6100328072, 377.589336], [0.0, 0.0, 0.0, 1.0]]}, {"file_path": "train/r_38", "rotation": 0.3141592653589793, "time": 0.2111111111111111, "transform_matrix": [[-0.9420919484, -0.03735210757, 0.3332680315, -7.886288463], [0.1800459391, 0.7820722323, 0.5966125068, 113.0373483], [-0.2829244079, 0.6220673946, -0.7300588578, 359.141246], [0.0, 0.0, 0.0, 1.0]]}, {"file_path": "train/r_39", "rotation": 0.3141592653589793, "time": 0.21666666666666667, "transform_matrix": [[0.9583994751, 0.01778643244, -0.2848755676, -13.29624174], [-0.0332485028, 0.9982189491, -0.04953248136, 137.0052673], [0.2834871836, 0.05694359024, 0.9572838891, 283.7762544], [0.0, 0.0, 0.0, 1.0]]}, {"file_path": "train/r_40", "rotation": 0.3141592653589793, "time": 0.2222222222222222, "transform_matrix": [[-0.3170512544, -0.08465303404, 0.9446228697, 6.104533142], [-0.1244440107, 0.9911104374, 0.04705092086, 146.6574777], [-0.9402085887, -0.102635105, -0.3247673705, 257.9330888], [0.0, 0.0, 0.0, 1.0]]}, {"file_path": "train/r_41", "rotation": 0.3141592653589793, "time": 0.22777777777777777, "transform_matrix": [[0.9501861087, 0.04814450184, 0.3079423092, 25.38253865], [0.1565079927, 0.7807086378, -0.604978736, 113.1072842], [-0.2695396206, 0.6230378237, 0.7342835033, 359.4567264], [0.0, 0.0, 0.0, 1.0]]}, {"file_path": "train/r_42", "rotation": 0.3141592653589793, "time": 0.23333333333333334, "transform_matrix": [[0.813402857, 0.04088799572, -0.5802619788, 1.980014015], [-0.2846532693, 0.8979104762, -0.3357518326, 104.1357867], [0.5072950902, 0.4382749692, 0.7420018483, 333.0567284], [0.0, 0.0, 0.0, 1.0]]}, {"file_path": "train/r_43", "rotation": 0.3141592653589793, "time": 0.2388888888888889, "transform_matrix": [[-0.995160582, 0.04264677773, -0.08852495881, 21.46174217], [-0.002250036674, 0.8907813173, 0.454426652, 97.75417036], [0.09823621185, 0.4524266759, -0.8863744974, 334.7108941], [0.0, 0.0, 0.0, 1.0]]}, {"file_path": "train/r_44", "rotation": 0.3141592653589793, "time": 0.24444444444444444, "transform_matrix": [[-0.2863023505, 0.07337975683, -0.955325272, -17.18395779], [-0.7560233725, 0.5952186558, 0.2722928791, 58.13742383], [0.5886082096, 0.8002063253, -0.114935689, 382.4232147], [0.0, 0.0, 0.0, 1.0]]}, {"file_path": "train/r_45", "rotation": 0.3141592653589793, "time": 0.25, "transform_matrix": [[0.8242511761, -0.07890321476, 0.5606998139, -3.315514906], [0.01905363054, 0.9935474692, 0.1118051235, 142.6492195], [-0.5659036648, -0.08147213746, 0.8204360627, 266.3901612], [0.0, 0.0, 0.0, 1.0]]}, {"file_path": "train/r_46", "rotation": 0.3141592653589793, "time": 0.25555555555555554, "transform_matrix": [[-0.9997697698, 0.006289785904, 0.02051452994, 7.018751682], [0.005103677885, 0.9983401517, -0.05736631319, 134.8432146], [-0.02084130076, -0.05724840618, -0.9981424048, 267.7549086], [0.0, 0.0, 0.0, 1.0]]}, {"file_path": "train/r_47", "rotation": 0.3141592653589793, "time": 0.2611111111111111, "transform_matrix": [[0.7690329537, 0.002071689132, 0.6392057761, 7.235824974], [0.2541549102, 0.916559377, -0.3087461578, 118.7971892], [-0.586509674, 0.3998932563, 0.704337835, 329.178674], [0.0, 0.0, 0.0, 1.0]]}, {"file_path": "train/r_48", "rotation": 0.3141592653589793, "time": 0.26666666666666666, "transform_matrix": [[0.504697371, 0.09463990715, -0.8580931486, 19.27943134], [-0.6045541869, 0.7483054902, -0.2730441876, 95.96345399], [0.6162749377, 0.6565684894, 0.4348827658, 363.472236], [0.0, 0.0, 0.0, 1.0]]}, {"file_path": "train/r_49", "rotation": 0.3141592653589793, "time": 0.2722222222222222, "transform_matrix": [[-0.4048572291, -0.00134702801, 0.9143789201, 15.24345329], [0.3646070229, 0.9168217889, 0.1627867511, 118.1384328], [-0.8385417956, 0.3992943688, -0.3706907932, 327.1437172], [0.0, 0.0, 0.0, 1.0]]}, {"file_path": "train/r_50", "rotation": 0.3141592653589793, "time": 0.2777777777777778, "transform_matrix": [[0.7354897307, 0.0094411924, 0.6774700879, -21.81258847], [0.5177222843, 0.63717391, -0.5709404914, 75.3066215], [-0.4370566239, 0.7706622297, 0.4637469518, 378.3765587], [0.0, 0.0, 0.0, 1.0]]}, {"file_path": "train/r_51", "rotation": 0.3141592653589793, "time": 0.2833333333333333, "transform_matrix": [[-0.6234771297, 0.03836957612, -0.7808995097, 20.57058705], [-0.1393727796, 0.977342967, 0.1592983148, 136.9840173], [0.7693188526, 0.2081549913, -0.6040033134, 303.9482693], [0.0, 0.0, 0.0, 1.0]]}, {"file_path": "train/r_52", "rotation": 0.3141592653589793, "time": 0.28888888888888886, "transform_matrix": [[-0.2593119664, -0.04847977338, -0.9645760808, -9.004449295], [-0.4534297212, 0.8879362779, 0.07727000967, 96.69952659], [0.8527360624, 0.4574045015, -0.2522346724, 335.1769563], [0.0, 0.0, 0.0, 1.0]]}, {"file_path": "train/r_53", "rotation": 0.3141592653589793, "time": 0.29444444444444445, "transform_matrix": [[-0.9331860173, -0.03019150828, 0.3581233445, 4.173854392], [0.07422499105, 0.9587914396, 0.2742437347, 113.4699066], [-0.351645429, 0.2825021206, -0.8924898006, 311.8491276], [0.0, 0.0, 0.0, 1.0]]}, {"file_path": "train/r_54", "rotation": 0.3141592653589793, "time": 0.3, "transform_matrix": [[0.516477869, 0.01371119612, 0.8561907579, 4.034358173], [0.1417117499, 0.9847159167, -0.1012538559, 102.6779078], [-0.8444929785, 0.1736276663, 0.5066409406, 296.0940222], [0.0, 0.0, 0.0, 1.0]]}, {"file_path": "train/r_55", "rotation": 0.3141592653589793, "time": 0.3055555555555556, "transform_matrix": [[-0.3848193348, -0.05845218741, -0.9211391976, -15.35934472], [0.02498396627, 0.9969673551, -0.07370138643, 132.6868167], [0.9226537167, -0.05137542914, -0.3821919469, 268.2646585], [0.0, 0.0, 0.0, 1.0]]}, {"file_path": "train/r_56", "rotation": 0.3141592653589793, "time": 0.3111111111111111, "transform_matrix": [[0.7939811294, 0.001290486097, -0.607941034, 6.869638335], [0.04509885326, 0.9971173883, 0.06101645143, 139.4305606], [0.6062673169, -0.0758633545, 0.7916341907, 263.5330554], [0.0, 0.0, 0.0, 1.0]]}, {"file_path": "train/r_57", "rotation": 0.3141592653589793, "time": 0.31666666666666665, "transform_matrix": [[-0.7561120385, -0.04307648737, -0.6530229717, -15.30094412], [0.1389527861, 0.9645135164, -0.2245123602, 141.3157381], [0.6395206866, -0.2604958596, -0.7232946831, 242.1775553], [0.0, 0.0, 0.0, 1.0]]}, {"file_path": "train/r_58", "rotation": 0.3141592653589793, "time": 0.32222222222222224, "transform_matrix": [[0.9780344963, 0.02891040754, 0.2064284681, 2.788749641], [0.02547484916, 0.9663325061, -0.2560322631, 123.1479569], [-0.2068805359, 0.2556671195, 0.9443700376, 311.3834208], [0.0, 0.0, 0.0, 1.0]]}, {"file_path": "train/r_59", "rotation": 0.3141592653589793, "time": 0.3277777777777778, "transform_matrix": [[-0.6299624704, -0.02908248096, -0.7760808561, -10.33248201], [-0.5133975874, 0.7653997665, 0.3880542677, 102.8763819], [0.5827265252, 0.6428976642, -0.4971040033, 362.7077217], [0.0, 0.0, 0.0, 1.0]]}, {"file_path": "train/r_60", "rotation": 0.3141592653589793, "time": 0.3333333333333333, "transform_matrix": [[0.4892789646, -0.07261725697, -0.8690988602, -19.74167614], [-0.08247473462, 0.9882088818, -0.1290004811, 158.4435862], [0.8682188739, 0.1347959197, 0.4775207295, 291.9157683], [0.0, 0.0, 0.0, 1.0]]}, {"file_path": "train/r_61", "rotation": 0.3141592653589793, "time": 0.3388888888888889, "transform_matrix": [[0.0862209863, 0.06153799793, 0.9943736804, 14.27192144], [0.2153161763, 0.9733512515, -0.07890681534, 132.5172197], [-0.9727306337, 0.2209081621, 0.07067317851, 303.4289555], [0.0, 0.0, 0.0, 1.0]]}, {"file_path": "train/r_62", "rotation": 0.3141592653589793, "time": 0.34444444444444444, "transform_matrix": [[0.1372064249, 0.03358443094, -0.9899729708, 20.73087753], [-0.09080319967, 0.9956433526, 0.02119182406, 126.7460253], [0.986371723, 0.08698505892, 0.1396582387, 285.8988437], [0.0, 0.0, 0.0, 1.0]]}, {"file_path": "train/r_63", "rotation": 0.3141592653589793, "time": 0.35, "transform_matrix": [[0.05361535669, 0.02356944191, 0.9982834642, 6.302501384], [0.6379545649, 0.7682889931, -0.05240225469, 106.0031278], [-0.7682052894, 0.6396690586, 0.02615585534, 360.8606891], [0.0, 0.0, 0.0, 1.0]]}, {"file_path": "train/r_64", "rotation": 0.3141592653589793, "time": 0.35555555555555557, "transform_matrix": [[-0.9971052592, 0.05175513088, -0.05570016552, -19.5289949], [-0.0126006696, 0.6099628616, 0.7923298117, 63.54335223], [0.07498216546, 0.7907380817, -0.6075450279, 381.0056044], [0.0, 0.0, 0.0, 1.0]]}, {"file_path": "train/r_65", "rotation": 0.3141592653589793, "time": 0.3611111111111111, "transform_matrix": [[-0.6213705488, -0.02874675498, 0.7829893135, -16.11141847], [0.0742186265, 0.9926737111, 0.09534410667, 117.7057933], [-0.7799937413, 0.1173564113, -0.6146846641, 287.7678517], [0.0, 0.0, 0.0, 1.0]]}, {"file_path": "train/r_66", "rotation": 0.3141592653589793, "time": 0.36666666666666664, "transform_matrix": [[-0.5302378479, -0.01195605637, 0.8477646356, -6.304279072], [0.6361781076, 0.6553716929, 0.4071429228, 82.11068043], [-0.5604687681, 0.7552118887, -0.3398966947, 378.0920485], [0.0, 0.0, 0.0, 1.0]]}, {"file_path": "train/r_67", "rotation": 0.3141592653589793, "time": 0.37222222222222223, "transform_matrix": [[-0.931416372, -0.01085070982, -0.3637936284, -8.96935041], [-0.0215342967, 0.9994473337, 0.02532392758, 143.7239671], [0.3633177893, 0.03142116068, -0.9311352719, 280.9298023], [0.0, 0.0, 0.0, 1.0]]}, {"file_path": "train/r_68", "rotation": 0.3141592653589793, "time": 0.37777777777777777, "transform_matrix": [[0.9450440073, -0.04884156966, -0.3232743808, -7.539723999], [-0.2135354366, 0.6565431962, -0.723431855, 83.58808335], [0.2475771425, 0.7527054754, 0.6100328072, 377.589336], [0.0, 0.0, 0.0, 1.0]]}, {"file_path": "train/r_69", "rotation": 0.3141592653589793, "time": 0.38333333333333336, "transform_matrix": [[-0.9420919484, -0.03735210757, 0.3332680315, -7.886288463], [0.1800459391, 0.7820722323, 0.5966125068, 113.0373483], [-0.2829244079, 0.6220673946, -0.7300588578, 359.141246], [0.0, 0.0, 0.0, 1.0]]}, {"file_path": "train/r_70", "rotation": 0.3141592653589793, "time": 0.3888888888888889, "transform_matrix": [[0.9583994751, 0.01778643244, -0.2848755676, -13.29624174], [-0.0332485028, 0.9982189491, -0.04953248136, 137.0052673], [0.2834871836, 0.05694359024, 0.9572838891, 283.7762544], [0.0, 0.0, 0.0, 1.0]]}, {"file_path": "train/r_71", "rotation": 0.3141592653589793, "time": 0.39444444444444443, "transform_matrix": [[-0.3170512544, -0.08465303404, 0.9446228697, 6.104533142], [-0.1244440107, 0.9911104374, 0.04705092086, 146.6574777], [-0.9402085887, -0.102635105, -0.3247673705, 257.9330888], [0.0, 0.0, 0.0, 1.0]]}, {"file_path": "train/r_72", "rotation": 0.3141592653589793, "time": 0.4, "transform_matrix": [[0.9501861087, 0.04814450184, 0.3079423092, 25.38253865], [0.1565079927, 0.7807086378, -0.604978736, 113.1072842], [-0.2695396206, 0.6230378237, 0.7342835033, 359.4567264], [0.0, 0.0, 0.0, 1.0]]}, {"file_path": "train/r_73", "rotation": 0.3141592653589793, "time": 0.40555555555555556, "transform_matrix": [[0.813402857, 0.04088799572, -0.5802619788, 1.980014015], [-0.2846532693, 0.8979104762, -0.3357518326, 104.1357867], [0.5072950902, 0.4382749692, 0.7420018483, 333.0567284], [0.0, 0.0, 0.0, 1.0]]}, {"file_path": "train/r_74", "rotation": 0.3141592653589793, "time": 0.4111111111111111, "transform_matrix": [[-0.995160582, 0.04264677773, -0.08852495881, 21.46174217], [-0.002250036674, 0.8907813173, 0.454426652, 97.75417036], [0.09823621185, 0.4524266759, -0.8863744974, 334.7108941], [0.0, 0.0, 0.0, 1.0]]}, {"file_path": "train/r_75", "rotation": 0.3141592653589793, "time": 0.4166666666666667, "transform_matrix": [[-0.2863023505, 0.07337975683, -0.955325272, -17.18395779], [-0.7560233725, 0.5952186558, 0.2722928791, 58.13742383], [0.5886082096, 0.8002063253, -0.114935689, 382.4232147], [0.0, 0.0, 0.0, 1.0]]}, {"file_path": "train/r_76", "rotation": 0.3141592653589793, "time": 0.4222222222222222, "transform_matrix": [[0.8242511761, -0.07890321476, 0.5606998139, -3.315514906], [0.01905363054, 0.9935474692, 0.1118051235, 142.6492195], [-0.5659036648, -0.08147213746, 0.8204360627, 266.3901612], [0.0, 0.0, 0.0, 1.0]]}, {"file_path": "train/r_77", "rotation": 0.3141592653589793, "time": 0.42777777777777776, "transform_matrix": [[-0.9997697698, 0.006289785904, 0.02051452994, 7.018751682], [0.005103677885, 0.9983401517, -0.05736631319, 134.8432146], [-0.02084130076, -0.05724840618, -0.9981424048, 267.7549086], [0.0, 0.0, 0.0, 1.0]]}, {"file_path": "train/r_78", "rotation": 0.3141592653589793, "time": 0.43333333333333335, "transform_matrix": [[0.7690329537, 0.002071689132, 0.6392057761, 7.235824974], [0.2541549102, 0.916559377, -0.3087461578, 118.7971892], [-0.586509674, 0.3998932563, 0.704337835, 329.178674], [0.0, 0.0, 0.0, 1.0]]}, {"file_path": "train/r_79", "rotation": 0.3141592653589793, "time": 0.4388888888888889, "transform_matrix": [[0.504697371, 0.09463990715, -0.8580931486, 19.27943134], [-0.6045541869, 0.7483054902, -0.2730441876, 95.96345399], [0.6162749377, 0.6565684894, 0.4348827658, 363.472236], [0.0, 0.0, 0.0, 1.0]]}, {"file_path": "train/r_80", "rotation": 0.3141592653589793, "time": 0.4444444444444444, "transform_matrix": [[-0.4048572291, -0.00134702801, 0.9143789201, 15.24345329], [0.3646070229, 0.9168217889, 0.1627867511, 118.1384328], [-0.8385417956, 0.3992943688, -0.3706907932, 327.1437172], [0.0, 0.0, 0.0, 1.0]]}, {"file_path": "train/r_81", "rotation": 0.3141592653589793, "time": 0.45, "transform_matrix": [[0.7354897307, 0.0094411924, 0.6774700879, -21.81258847], [0.5177222843, 0.63717391, -0.5709404914, 75.3066215], [-0.4370566239, 0.7706622297, 0.4637469518, 378.3765587], [0.0, 0.0, 0.0, 1.0]]}, {"file_path": "train/r_82", "rotation": 0.3141592653589793, "time": 0.45555555555555555, "transform_matrix": [[-0.6234771297, 0.03836957612, -0.7808995097, 20.57058705], [-0.1393727796, 0.977342967, 0.1592983148, 136.9840173], [0.7693188526, 0.2081549913, -0.6040033134, 303.9482693], [0.0, 0.0, 0.0, 1.0]]}, {"file_path": "train/r_83", "rotation": 0.3141592653589793, "time": 0.46111111111111114, "transform_matrix": [[-0.2593119664, -0.04847977338, -0.9645760808, -9.004449295], [-0.4534297212, 0.8879362779, 0.07727000967, 96.69952659], [0.8527360624, 0.4574045015, -0.2522346724, 335.1769563], [0.0, 0.0, 0.0, 1.0]]}, {"file_path": "train/r_84", "rotation": 0.3141592653589793, "time": 0.4666666666666667, "transform_matrix": [[-0.9331860173, -0.03019150828, 0.3581233445, 4.173854392], [0.07422499105, 0.9587914396, 0.2742437347, 113.4699066], [-0.351645429, 0.2825021206, -0.8924898006, 311.8491276], [0.0, 0.0, 0.0, 1.0]]}, {"file_path": "train/r_85", "rotation": 0.3141592653589793, "time": 0.4722222222222222, "transform_matrix": [[0.516477869, 0.01371119612, 0.8561907579, 4.034358173], [0.1417117499, 0.9847159167, -0.1012538559, 102.6779078], [-0.8444929785, 0.1736276663, 0.5066409406, 296.0940222], [0.0, 0.0, 0.0, 1.0]]}, {"file_path": "train/r_86", "rotation": 0.3141592653589793, "time": 0.4777777777777778, "transform_matrix": [[-0.3848193348, -0.05845218741, -0.9211391976, -15.35934472], [0.02498396627, 0.9969673551, -0.07370138643, 132.6868167], [0.9226537167, -0.05137542914, -0.3821919469, 268.2646585], [0.0, 0.0, 0.0, 1.0]]}, {"file_path": "train/r_87", "rotation": 0.3141592653589793, "time": 0.48333333333333334, "transform_matrix": [[0.7939811294, 0.001290486097, -0.607941034, 6.869638335], [0.04509885326, 0.9971173883, 0.06101645143, 139.4305606], [0.6062673169, -0.0758633545, 0.7916341907, 263.5330554], [0.0, 0.0, 0.0, 1.0]]}, {"file_path": "train/r_88", "rotation": 0.3141592653589793, "time": 0.4888888888888889, "transform_matrix": [[-0.7561120385, -0.04307648737, -0.6530229717, -15.30094412], [0.1389527861, 0.9645135164, -0.2245123602, 141.3157381], [0.6395206866, -0.2604958596, -0.7232946831, 242.1775553], [0.0, 0.0, 0.0, 1.0]]}, {"file_path": "train/r_89", "rotation": 0.3141592653589793, "time": 0.49444444444444446, "transform_matrix": [[0.9780344963, 0.02891040754, 0.2064284681, 2.788749641], [0.02547484916, 0.9663325061, -0.2560322631, 123.1479569], [-0.2068805359, 0.2556671195, 0.9443700376, 311.3834208], [0.0, 0.0, 0.0, 1.0]]}, {"file_path": "train/r_90", "rotation": 0.3141592653589793, "time": 0.5, "transform_matrix": [[-0.6299624704, -0.02908248096, -0.7760808561, -10.33248201], [-0.5133975874, 0.7653997665, 0.3880542677, 102.8763819], [0.5827265252, 0.6428976642, -0.4971040033, 362.7077217], [0.0, 0.0, 0.0, 1.0]]}, {"file_path": "train/r_91", "rotation": 0.3141592653589793, "time": 0.5055555555555555, "transform_matrix": [[0.4892789646, -0.07261725697, -0.8690988602, -19.74167614], [-0.08247473462, 0.9882088818, -0.1290004811, 158.4435862], [0.8682188739, 0.1347959197, 0.4775207295, 291.9157683], [0.0, 0.0, 0.0, 1.0]]}, {"file_path": "train/r_92", "rotation": 0.3141592653589793, "time": 0.5111111111111111, "transform_matrix": [[0.0862209863, 0.06153799793, 0.9943736804, 14.27192144], [0.2153161763, 0.9733512515, -0.07890681534, 132.5172197], [-0.9727306337, 0.2209081621, 0.07067317851, 303.4289555], [0.0, 0.0, 0.0, 1.0]]}, {"file_path": "train/r_93", "rotation": 0.3141592653589793, "time": 0.5166666666666667, "transform_matrix": [[0.1372064249, 0.03358443094, -0.9899729708, 20.73087753], [-0.09080319967, 0.9956433526, 0.02119182406, 126.7460253], [0.986371723, 0.08698505892, 0.1396582387, 285.8988437], [0.0, 0.0, 0.0, 1.0]]}, {"file_path": "train/r_94", "rotation": 0.3141592653589793, "time": 0.5222222222222223, "transform_matrix": [[0.05361535669, 0.02356944191, 0.9982834642, 6.302501384], [0.6379545649, 0.7682889931, -0.05240225469, 106.0031278], [-0.7682052894, 0.6396690586, 0.02615585534, 360.8606891], [0.0, 0.0, 0.0, 1.0]]}, {"file_path": "train/r_95", "rotation": 0.3141592653589793, "time": 0.5277777777777778, "transform_matrix": [[-0.9971052592, 0.05175513088, -0.05570016552, -19.5289949], [-0.0126006696, 0.6099628616, 0.7923298117, 63.54335223], [0.07498216546, 0.7907380817, -0.6075450279, 381.0056044], [0.0, 0.0, 0.0, 1.0]]}, {"file_path": "train/r_96", "rotation": 0.3141592653589793, "time": 0.5333333333333333, "transform_matrix": [[-0.6213705488, -0.02874675498, 0.7829893135, -16.11141847], [0.0742186265, 0.9926737111, 0.09534410667, 117.7057933], [-0.7799937413, 0.1173564113, -0.6146846641, 287.7678517], [0.0, 0.0, 0.0, 1.0]]}, {"file_path": "train/r_97", "rotation": 0.3141592653589793, "time": 0.5388888888888889, "transform_matrix": [[-0.5302378479, -0.01195605637, 0.8477646356, -6.304279072], [0.6361781076, 0.6553716929, 0.4071429228, 82.11068043], [-0.5604687681, 0.7552118887, -0.3398966947, 378.0920485], [0.0, 0.0, 0.0, 1.0]]}, {"file_path": "train/r_98", "rotation": 0.3141592653589793, "time": 0.5444444444444444, "transform_matrix": [[-0.931416372, -0.01085070982, -0.3637936284, -8.96935041], [-0.0215342967, 0.9994473337, 0.02532392758, 143.7239671], [0.3633177893, 0.03142116068, -0.9311352719, 280.9298023], [0.0, 0.0, 0.0, 1.0]]}, {"file_path": "train/r_99", "rotation": 0.3141592653589793, "time": 0.55, "transform_matrix": [[0.9450440073, -0.04884156966, -0.3232743808, -7.539723999], [-0.2135354366, 0.6565431962, -0.723431855, 83.58808335], [0.2475771425, 0.7527054754, 0.6100328072, 377.589336], [0.0, 0.0, 0.0, 1.0]]}, {"file_path": "train/r_100", "rotation": 0.3141592653589793, "time": 0.5555555555555556, "transform_matrix": [[-0.9420919484, -0.03735210757, 0.3332680315, -7.886288463], [0.1800459391, 0.7820722323, 0.5966125068, 113.0373483], [-0.2829244079, 0.6220673946, -0.7300588578, 359.141246], [0.0, 0.0, 0.0, 1.0]]}, {"file_path": "train/r_101", "rotation": 0.3141592653589793, "time": 0.5611111111111111, "transform_matrix": [[0.9583994751, 0.01778643244, -0.2848755676, -13.29624174], [-0.0332485028, 0.9982189491, -0.04953248136, 137.0052673], [0.2834871836, 0.05694359024, 0.9572838891, 283.7762544], [0.0, 0.0, 0.0, 1.0]]}, {"file_path": "train/r_102", "rotation": 0.3141592653589793, "time": 0.5666666666666667, "transform_matrix": [[-0.3170512544, -0.08465303404, 0.9446228697, 6.104533142], [-0.1244440107, 0.9911104374, 0.04705092086, 146.6574777], [-0.9402085887, -0.102635105, -0.3247673705, 257.9330888], [0.0, 0.0, 0.0, 1.0]]}, {"file_path": "train/r_103", "rotation": 0.3141592653589793, "time": 0.5722222222222222, "transform_matrix": [[0.9501861087, 0.04814450184, 0.3079423092, 25.38253865], [0.1565079927, 0.7807086378, -0.604978736, 113.1072842], [-0.2695396206, 0.6230378237, 0.7342835033, 359.4567264], [0.0, 0.0, 0.0, 1.0]]}, {"file_path": "train/r_104", "rotation": 0.3141592653589793, "time": 0.5777777777777777, "transform_matrix": [[0.813402857, 0.04088799572, -0.5802619788, 1.980014015], [-0.2846532693, 0.8979104762, -0.3357518326, 104.1357867], [0.5072950902, 0.4382749692, 0.7420018483, 333.0567284], [0.0, 0.0, 0.0, 1.0]]}, {"file_path": "train/r_105", "rotation": 0.3141592653589793, "time": 0.5833333333333334, "transform_matrix": [[-0.995160582, 0.04264677773, -0.08852495881, 21.46174217], [-0.002250036674, 0.8907813173, 0.454426652, 97.75417036], [0.09823621185, 0.4524266759, -0.8863744974, 334.7108941], [0.0, 0.0, 0.0, 1.0]]}, {"file_path": "train/r_106", "rotation": 0.3141592653589793, "time": 0.5888888888888889, "transform_matrix": [[-0.2863023505, 0.07337975683, -0.955325272, -17.18395779], [-0.7560233725, 0.5952186558, 0.2722928791, 58.13742383], [0.5886082096, 0.8002063253, -0.114935689, 382.4232147], [0.0, 0.0, 0.0, 1.0]]}, {"file_path": "train/r_107", "rotation": 0.3141592653589793, "time": 0.5944444444444444, "transform_matrix": [[0.8242511761, -0.07890321476, 0.5606998139, -3.315514906], [0.01905363054, 0.9935474692, 0.1118051235, 142.6492195], [-0.5659036648, -0.08147213746, 0.8204360627, 266.3901612], [0.0, 0.0, 0.0, 1.0]]}, {"file_path": "train/r_108", "rotation": 0.3141592653589793, "time": 0.6, "transform_matrix": [[-0.9997697698, 0.006289785904, 0.02051452994, 7.018751682], [0.005103677885, 0.9983401517, -0.05736631319, 134.8432146], [-0.02084130076, -0.05724840618, -0.9981424048, 267.7549086], [0.0, 0.0, 0.0, 1.0]]}, {"file_path": "train/r_109", "rotation": 0.3141592653589793, "time": 0.6055555555555555, "transform_matrix": [[0.7690329537, 0.002071689132, 0.6392057761, 7.235824974], [0.2541549102, 0.916559377, -0.3087461578, 118.7971892], [-0.586509674, 0.3998932563, 0.704337835, 329.178674], [0.0, 0.0, 0.0, 1.0]]}, {"file_path": "train/r_110", "rotation": 0.3141592653589793, "time": 0.6111111111111112, "transform_matrix": [[0.504697371, 0.09463990715, -0.8580931486, 19.27943134], [-0.6045541869, 0.7483054902, -0.2730441876, 95.96345399], [0.6162749377, 0.6565684894, 0.4348827658, 363.472236], [0.0, 0.0, 0.0, 1.0]]}, {"file_path": "train/r_111", "rotation": 0.3141592653589793, "time": 0.6166666666666667, "transform_matrix": [[-0.4048572291, -0.00134702801, 0.9143789201, 15.24345329], [0.3646070229, 0.9168217889, 0.1627867511, 118.1384328], [-0.8385417956, 0.3992943688, -0.3706907932, 327.1437172], [0.0, 0.0, 0.0, 1.0]]}, {"file_path": "train/r_112", "rotation": 0.3141592653589793, "time": 0.6222222222222222, "transform_matrix": [[0.7354897307, 0.0094411924, 0.6774700879, -21.81258847], [0.5177222843, 0.63717391, -0.5709404914, 75.3066215], [-0.4370566239, 0.7706622297, 0.4637469518, 378.3765587], [0.0, 0.0, 0.0, 1.0]]}, {"file_path": "train/r_113", "rotation": 0.3141592653589793, "time": 0.6277777777777778, "transform_matrix": [[-0.6234771297, 0.03836957612, -0.7808995097, 20.57058705], [-0.1393727796, 0.977342967, 0.1592983148, 136.9840173], [0.7693188526, 0.2081549913, -0.6040033134, 303.9482693], [0.0, 0.0, 0.0, 1.0]]}, {"file_path": "train/r_114", "rotation": 0.3141592653589793, "time": 0.6333333333333333, "transform_matrix": [[-0.2593119664, -0.04847977338, -0.9645760808, -9.004449295], [-0.4534297212, 0.8879362779, 0.07727000967, 96.69952659], [0.8527360624, 0.4574045015, -0.2522346724, 335.1769563], [0.0, 0.0, 0.0, 1.0]]}, {"file_path": "train/r_115", "rotation": 0.3141592653589793, "time": 0.6388888888888888, "transform_matrix": [[-0.9331860173, -0.03019150828, 0.3581233445, 4.173854392], [0.07422499105, 0.9587914396, 0.2742437347, 113.4699066], [-0.351645429, 0.2825021206, -0.8924898006, 311.8491276], [0.0, 0.0, 0.0, 1.0]]}, {"file_path": "train/r_116", "rotation": 0.3141592653589793, "time": 0.6444444444444445, "transform_matrix": [[0.516477869, 0.01371119612, 0.8561907579, 4.034358173], [0.1417117499, 0.9847159167, -0.1012538559, 102.6779078], [-0.8444929785, 0.1736276663, 0.5066409406, 296.0940222], [0.0, 0.0, 0.0, 1.0]]}, {"file_path": "train/r_117", "rotation": 0.3141592653589793, "time": 0.65, "transform_matrix": [[-0.3848193348, -0.05845218741, -0.9211391976, -15.35934472], [0.02498396627, 0.9969673551, -0.07370138643, 132.6868167], [0.9226537167, -0.05137542914, -0.3821919469, 268.2646585], [0.0, 0.0, 0.0, 1.0]]}, {"file_path": "train/r_118", "rotation": 0.3141592653589793, "time": 0.6555555555555556, "transform_matrix": [[0.7939811294, 0.001290486097, -0.607941034, 6.869638335], [0.04509885326, 0.9971173883, 0.06101645143, 139.4305606], [0.6062673169, -0.0758633545, 0.7916341907, 263.5330554], [0.0, 0.0, 0.0, 1.0]]}, {"file_path": "train/r_119", "rotation": 0.3141592653589793, "time": 0.6611111111111111, "transform_matrix": [[-0.7561120385, -0.04307648737, -0.6530229717, -15.30094412], [0.1389527861, 0.9645135164, -0.2245123602, 141.3157381], [0.6395206866, -0.2604958596, -0.7232946831, 242.1775553], [0.0, 0.0, 0.0, 1.0]]}, {"file_path": "train/r_120", "rotation": 0.3141592653589793, "time": 0.6666666666666666, "transform_matrix": [[0.9780344963, 0.02891040754, 0.2064284681, 2.788749641], [0.02547484916, 0.9663325061, -0.2560322631, 123.1479569], [-0.2068805359, 0.2556671195, 0.9443700376, 311.3834208], [0.0, 0.0, 0.0, 1.0]]}, {"file_path": "train/r_121", "rotation": 0.3141592653589793, "time": 0.6722222222222223, "transform_matrix": [[-0.6299624704, -0.02908248096, -0.7760808561, -10.33248201], [-0.5133975874, 0.7653997665, 0.3880542677, 102.8763819], [0.5827265252, 0.6428976642, -0.4971040033, 362.7077217], [0.0, 0.0, 0.0, 1.0]]}, {"file_path": "train/r_122", "rotation": 0.3141592653589793, "time": 0.6777777777777778, "transform_matrix": [[0.4892789646, -0.07261725697, -0.8690988602, -19.74167614], [-0.08247473462, 0.9882088818, -0.1290004811, 158.4435862], [0.8682188739, 0.1347959197, 0.4775207295, 291.9157683], [0.0, 0.0, 0.0, 1.0]]}, {"file_path": "train/r_123", "rotation": 0.3141592653589793, "time": 0.6833333333333333, "transform_matrix": [[0.0862209863, 0.06153799793, 0.9943736804, 14.27192144], [0.2153161763, 0.9733512515, -0.07890681534, 132.5172197], [-0.9727306337, 0.2209081621, 0.07067317851, 303.4289555], [0.0, 0.0, 0.0, 1.0]]}, {"file_path": "train/r_124", "rotation": 0.3141592653589793, "time": 0.6888888888888889, "transform_matrix": [[0.1372064249, 0.03358443094, -0.9899729708, 20.73087753], [-0.09080319967, 0.9956433526, 0.02119182406, 126.7460253], [0.986371723, 0.08698505892, 0.1396582387, 285.8988437], [0.0, 0.0, 0.0, 1.0]]}, {"file_path": "train/r_125", "rotation": 0.3141592653589793, "time": 0.6944444444444444, "transform_matrix": [[0.05361535669, 0.02356944191, 0.9982834642, 6.302501384], [0.6379545649, 0.7682889931, -0.05240225469, 106.0031278], [-0.7682052894, 0.6396690586, 0.02615585534, 360.8606891], [0.0, 0.0, 0.0, 1.0]]}, {"file_path": "train/r_126", "rotation": 0.3141592653589793, "time": 0.7, "transform_matrix": [[-0.9971052592, 0.05175513088, -0.05570016552, -19.5289949], [-0.0126006696, 0.6099628616, 0.7923298117, 63.54335223], [0.07498216546, 0.7907380817, -0.6075450279, 381.0056044], [0.0, 0.0, 0.0, 1.0]]}, {"file_path": "train/r_127", "rotation": 0.3141592653589793, "time": 0.7055555555555556, "transform_matrix": [[-0.6213705488, -0.02874675498, 0.7829893135, -16.11141847], [0.0742186265, 0.9926737111, 0.09534410667, 117.7057933], [-0.7799937413, 0.1173564113, -0.6146846641, 287.7678517], [0.0, 0.0, 0.0, 1.0]]}, {"file_path": "train/r_128", "rotation": 0.3141592653589793, "time": 0.7111111111111111, "transform_matrix": [[-0.5302378479, -0.01195605637, 0.8477646356, -6.304279072], [0.6361781076, 0.6553716929, 0.4071429228, 82.11068043], [-0.5604687681, 0.7552118887, -0.3398966947, 378.0920485], [0.0, 0.0, 0.0, 1.0]]}, {"file_path": "train/r_129", "rotation": 0.3141592653589793, "time": 0.7166666666666667, "transform_matrix": [[-0.931416372, -0.01085070982, -0.3637936284, -8.96935041], [-0.0215342967, 0.9994473337,